3 81 352
2 81 1280
2 81 1296
2 81 1312
2 81 1328
2 81 1344
2 81 1360
2 81 1376
2 81 1392
2 81 1456
2 81 1472
2 81 1488
3 81 1504
5 81 1744
2 81 1936
2 81 1952
2 81 1968
2 81 2048
3 81 2064
3 81 2080
2 81 2096
4 81 3008
4 81 3024
4 97 2992
4 97 3008
4 97 3024
4 113 2976
4 113 2992
4 113 3008
4 113 3024
4 129 2960
4 129 2976
4 129 2992
4 129 3008
4 129 3024
2 137 3264
3 145 256
2 145 320
5 145 336
2 145 352
3 145 368
2 145 384
8 145 735
9 145 751
8 145 911
9 145 927
2 145 1232
5 145 1248
2 145 1264
2 145 1600
3 145 1696
3 145 1744
3 145 1792
2 145 1888
2 145 2064
2 145 2080
4 145 2192
4 145 2240
4 145 2416
4 145 2432
4 145 2480
2 145 2688
2 145 2704
3 145 2720
2 145 2736
4 145 2944
4 145 2960
4 145 2976
4 145 2992
4 145 3008
4 145 3024
2 145 3264
6 160 735
6 160 911
8 161 607
9 161 623
6 161 735
7 161 751
6 161 911
7 161 927
4 161 2176
4 161 2192
4 161 2240
4 161 2256
4 161 2400
4 161 2416
4 161 2432
4 161 2480
4 161 2496
4 161 2928
4 161 2944
4 161 2960
4 161 2976
4 161 2992
4 161 3008
4 161 3024
6 162 735
6 162 911
6 163 735
7 163 751
6 163 911
7 163 927
6 164 735
6 164 911
6 165 735
7 165 751
6 165 911
7 165 927
6 166 735
6 166 911
6 167 735
7 167 751
6 167 911
7 167 927
6 168 735
6 168 911
6 169 735
7 169 751
6 169 911
7 169 927
2 169 3232
2 169 3248
2 169 3280
2 169 3296
6 170 735
6 170 911
6 171 735
7 171 751
6 171 911
7 171 927
6 172 735
6 172 911
6 173 735
7 173 751
6 173 911
7 173 927
2 173 3236
2 173 3284
6 174 735
6 174 911
6 175 735
7 175 751
6 175 911
7 175 927
6 176 607
6 176 735
6 176 911
8 177 447
9 177 463
6 177 607
7 177 623
6 177 735
7 177 751
6 177 911
7 177 927
4 177 2160
4 177 2176
4 177 2192
4 177 2240
4 177 2256
4 177 2272
4 177 2384
4 177 2400
4 177 2416
4 177 2432
4 177 2480
4 177 2496
4 177 2512
8 177 2607
9 177 2623
8 177 2863
9 177 2879
4 177 2912
4 177 2928
4 177 2944
4 177 2960
4 177 2976
4 177 2992
4 177 3008
4 177 3024
2 177 3232
2 177 3248
2 177 3280
2 177 3296
6 178 607
6 178 735
6 178 911
6 179 607
7 179 623
6 179 735
7 179 751
6 179 911
7 179 927
6 180 607
6 180 735
6 180 911
6 181 607
7 181 623
6 181 735
7 181 751
6 181 911
7 181 927
2 181 3236
2 181 3284
6 182 607
6 182 735
6 182 911
6 183 607
7 183 623
6 183 735
7 183 751
6 183 911
7 183 927
6 184 607
6 184 735
6 184 911
6 185 607
7 185 623
6 185 735
7 185 751
6 185 911
7 185 927
2 185 3232
2 185 3248
2 185 3280
2 185 3296
6 186 607
6 186 735
6 186 911
6 187 607
7 187 623
6 187 735
7 187 751
6 187 911
7 187 927
6 188 607
6 188 735
6 188 911
6 189 607
7 189 623
6 189 735
7 189 751
6 189 911
7 189 927
2 189 3236
2 189 3284
6 190 607
6 190 735
6 190 911
6 191 607
7 191 623
6 191 735
7 191 751
6 191 911
7 191 927
6 192 447
6 192 607
6 192 735
6 192 911
6 192 2607
6 192 2863
6 193 447
7 193 463
6 193 607
7 193 623
6 193 735
7 193 751
6 193 911
7 193 927
4 193 2144
4 193 2160
4 193 2176
4 193 2192
4 193 2240
4 193 2256
4 193 2272
4 193 2288
4 193 2368
4 193 2384
4 193 2400
4 193 2416
4 193 2432
4 193 2480
4 193 2496
4 193 2512
4 193 2528
7 193 2623
6 193 2863
7 193 2879
4 193 2896
4 193 2912
4 193 2928
4 193 2944
4 193 2960
4 193 2976
4 193 2992
4 193 3008
4 193 3024
4 193 3168
2 193 3232
2 193 3248
2 193 3280
2 193 3296
1 209 0
1 209 16
1 209 32
1 209 48
1 209 64
1 209 80
1 209 96
1 209 112
1 209 128
1 209 144
1 209 160
1 209 176
1 209 192
1 209 208
1 209 224
1 209 240
1 209 256
1 209 272
1 209 288
1 209 304
1 209 320
1 209 336
1 209 352
1 209 368
1 209 384
1 209 400
1 209 416
1 209 432
1 209 448
1 209 464
1 209 480
1 209 496
1 209 512
1 209 528
1 209 544
1 209 560
1 209 576
1 209 592
1 209 608
1 209 624
1 209 640
1 209 656
1 209 672
1 209 688
1 209 704
1 209 720
1 209 736
1 209 752
1 209 768
1 209 784
1 209 800
1 209 816
1 209 832
1 209 848
1 209 864
1 209 880
1 209 896
1 209 912
1 209 928
1 209 944
1 209 960
1 209 976
1 209 992
1 209 1008
1 209 1024
1 209 1040
1 209 1056
1 209 1072
1 209 1088
1 209 1136
1 209 1152
1 209 1168
1 209 1184
1 209 1200
1 209 1216
1 209 1232
1 209 1248
1 209 1264
1 209 1280
1 209 1296
1 209 1312
1 209 1328
1 209 1344
1 209 1360
1 209 1424
1 209 1440
1 209 1456
1 209 1472
1 209 1488
1 209 1504
1 209 1520
1 209 1536
1 209 1552
1 209 1568
1 209 1584
1 209 1600
1 209 1616
1 209 1632
1 209 1648
1 209 1664
1 209 1680
1 209 1696
1 209 1712
1 209 1728
1 209 1744
1 209 1760
1 209 1776
1 209 1792
1 209 1808
1 209 1824
1 209 1840
1 209 1856
1 209 1872
1 209 1888
1 209 1904
1 209 1920
1 209 1936
1 209 1952
1 209 1968
1 209 1984
1 209 2000
1 209 2016
1 209 2032
1 209 2048
1 209 2064
1 209 2080
1 209 2096
1 209 2112
1 209 2128
1 209 2144
1 209 2160
1 209 2176
1 209 2192
1 209 2208
1 209 2224
1 209 2240
1 209 2256
1 209 2272
1 209 2288
1 209 2304
1 209 2320
1 209 2336
1 209 2352
1 209 2368
1 209 2384
1 209 2400
1 209 2416
1 209 2432
1 209 2480
1 209 2496
1 209 2512
1 209 2528
1 209 2544
1 209 2560
1 209 2576
1 209 2592
1 209 2608
1 209 2624
1 209 2640
1 209 2656
1 209 2672
1 209 2688
1 209 2704
1 209 2720
1 209 2736
1 209 2752
1 209 2768
1 209 2784
1 209 2800
1 209 2816
1 209 2832
1 209 2848
1 209 2864
1 209 2880
1 209 2896
1 209 2912
1 209 2928
1 209 2944
1 209 2960
1 209 2976
1 209 2992
1 209 3008
1 209 3024
1 209 3040
1 209 3056
1 209 3072
1 209 3088
1 209 3104
1 209 3120
1 209 3136
1 209 3152
1 209 3168
1 209 3184
1 209 3200
1 209 3216
1 209 3232
1 209 3248
1 209 3264
1 209 3280
1 209 3296
1 209 3312
